11 2
13 4
15 6
17 8
19 1
23 5
25 7
29 2
31 4
35 8
37 1
41 5
43 7
47 2
49 4
53 8
59 5
61 7
67 4
71 8
73 1
79 7
83 2
89 8
97 7
101 2
103 4
107 8
109 1
113 5
121 4
127 1
131 5
137 2
139 4
143 8
149 5
151 7
157 4
163 1
167 5
169 7
173 2
179 8
181 1
191 2
193 4
197 8
199 1
211 4
223 7
227 2
229 4
233 8
239 5
241 7
251 8
257 5
263 2
269 8
271 1
277 7
281 2
283 4
289 1
293 5
307 1
311 5
313 7
317 2
323 8
331 7
337 4
347 5
349 7
353 2
359 8
361 1
367 7
373 4
379 1
383 5
389 2
397 1
401 5
409 4
419 5
421 7
431 8
433 1
439 7
443 2
449 8
457 7
461 2
463 4
467 8
479 2
487 1
491 5
499 4
503 8
509 5
521 8
523 1
529 7
541 1
547 7
557 8
563 5
569 2
571 4
577 1
587 2
593 8
599 5
601 7
607 4
613 1
617 5
619 7
631 1
641 2
643 4
647 8
653 5
659 2
661 4
673 7
677 2
683 8
691 7
701 8
709 7
719 8
727 7
733 4
739 1
743 5
751 4
757 1
761 5
769 4
773 8
787 4
797 5
809 8
811 1
821 2
823 4
827 8
829 1
839 2
841 4
853 7
857 2
859 4
863 8
877 4
881 8
883 1
887 5
899 8
907 7
911 2
919 1
929 2
937 1
941 5
947 2
953 8
961 7
967 4
971 8
977 5
983 2
991 1
997 7
